0.59719080 2.22426343 0.62883484
0.17914154 2.48951411 0.28137183
0.18610913 2.22704577 0.59523612
0.54696077 2.44743466 0.33737874
0.36215848 2.34158182 0.45980394
0.54784137 2.33469963 0.48665261
0.42375892 2.24818158 0.60718495
0.32360631 2.45782256 0.35040069
0.43414497 2.51367831 0.26315337
0.30336475 2.27422714 0.56191981
0.43680546 2.42157078 0.39183405
0.59853649 2.39140868 0.40917093
0.52052122 2.25623536 0.57340288
0.21130335 2.29223943 0.52856970
0.45716488 2.35577250 0.46039993
0.29110956 2.40015054 0.41914588
0.39529055 2.29151106 0.52996689
0.23581897 2.46306229 0.34543535
0.51652104 2.41223431 0.41597301
0.46104398 2.46508884 0.32716358
0.59377784 2.29396677 0.53457773
0.23923439 2.18710160 0.63347292
0.51776081 2.50130248 0.29159796
0.48505569 2.31144595 0.50323641
0.25310993 2.24716115 0.60740602
0.45442066 2.27085257 0.55255151
0.53121543 2.21603537 0.62657607
0.40555602 2.37812090 0.43367621
0.16040443 2.27189183 0.55538410
0.49221241 2.43215322 0.36584631
0.37495121 2.26454425 0.57564932
0.27890280 2.43469834 0.37574154
0.33478886 2.42653847 0.39501733
0.47759289 2.23523688 0.60323757
0.41421884 2.48128366 0.30532855
0.55612826 2.38620663 0.44242251
0.56545269 2.42794991 0.38401264
0.42245281 2.32027602 0.47794440
0.21684267 2.26446104 0.57284844
0.41780013 2.45190477 0.35510126
0.56527174 2.23635507 0.58730155
0.22593711 2.48746514 0.30215991
0.26098526 2.28883862 0.53518838
0.50290316 2.37360692 0.44317132
0.54700220 2.30215383 0.52366352
0.35794532 2.37885761 0.43347567
0.50616109 2.47106218 0.32428548
0.47304207 2.50107265 0.28557622
0.59931326 2.38421750 0.45344603
0.28319079 2.46855688 0.34304705
0.40476125 2.35877538 0.47726196
0.47472966 2.41082811 0.40576559
0.58512419 2.32173467 0.50490874
0.25621903 2.25722432 0.56247270
0.41788688 2.25676823 0.56387407
0.50833082 2.33766150 0.47734338
0.35888758 2.27766514 0.53727424
0.20959537 2.21303344 0.62333345
0.36003760 2.43095684 0.36611328
0.45497471 2.33250427 0.49309635
0.52959609 2.42865348 0.37224117
0.45053792 2.24273777 0.57696718
0.31572914 2.24313164 0.57649297
0.48444295 2.25436211 0.56829780
0.55564708 2.40628266 0.41202867
0.22345288 2.23213959 0.58743644
0.45668453 2.43380594 0.36434433
0.15631257 2.24208999 0.58383936
0.56587434 2.20957518 0.63260829
0.19246557 2.25326133 0.61700541
0.51813346 2.31844854 0.51419032
0.59869146 2.42255735 0.39103103
0.31165472 2.42725945 0.36944258
0.51233923 2.23624182 0.60693008
0.53854352 2.47028375 0.31397682
0.39357826 2.33003807 0.46404237
0.42670661 2.28666329 0.54245734
0.31915736 2.39746618 0.40051717
0.25961345 2.47798300 0.32133138
0.44990194 2.48250604 0.30157697
0.42273745 2.34334803 0.45472318
0.51283550 2.44636488 0.34503475
0.23248957 2.27114725 0.54530764
0.28261203 2.25483990 0.58041072
0.18737973 2.25357413 0.57642233
0.24138375 2.22090340 0.61933655
0.18393658 2.28010368 0.53683269
0.44019014 2.37413812 0.44200173
0.25285578 2.44049549 0.35794923
0.29764658 2.41884637 0.39544427
0.42894846 2.46656513 0.32736114
0.48163977 2.45648432 0.35135522
0.39545047 2.27609801 0.55594355
0.48907006 2.35707736 0.46399125
0.48459208 2.47843552 0.30524570
0.59190571 2.23602414 0.60210806
0.38483953 2.36036658 0.44491032
0.26814458 2.42255449 0.39988512
0.41828644 2.49831343 0.28197059
0.53120524 2.39100599 0.42841238
0.55317080 2.22538090 0.61075044
0.47354573 2.43344831 0.38866922
0.44490692 2.45811534 0.35264164
0.43011242 2.44642830 0.38148326
0.45140022 2.24765372 0.60497814
0.21888392 2.47189665 0.32385358
0.20399009 2.49887919 0.28993204
0.50131094 2.43266964 0.39185107
0.27973652 2.26552629 0.55087876
0.58084214 2.38892603 0.43069619
0.48117393 2.33101964 0.48481297
0.21216263 2.18717837 0.63540596
0.59366173 2.20006800 0.64059055
0.25824267 2.45375681 0.33279219
0.55152750 2.44195700 0.36563006
0.20693308 2.28057194 0.55437380
0.40242672 2.24841475 0.58325720
0.53450239 2.41124368 0.39706045
0.54025197 2.24107862 0.58226615
0.54046553 2.31460261 0.50160921
0.49858037 2.23865032 0.58315217
0.57180285 2.30390835 0.51741046
0.57815331 2.41089487 0.40100643
0.57153499 2.34376192 0.48905581
0.44315562 2.33457208 0.46689233
0.34653947 2.44992185 0.35638821
0.38205129 2.38581586 0.43153337
0.44441146 2.50252795 0.28249672
0.43756872 2.26933026 0.57075471
0.49575323 2.49232984 0.28577894
0.29994890 2.45120621 0.34622934
0.38141781 2.27005243 0.53670937
0.35792509 2.26406193 0.55920941
0.32595450 2.27058458 0.56750631
0.51019830 2.48195529 0.30239704
0.53014266 2.34814095 0.47934979
0.49436077 2.40367365 0.41606319
0.20698649 2.24029183 0.60158640
0.23842598 2.25806355 0.57821524
0.25305885 2.27939963 0.55466247
0.24063157 2.46503210 0.31976753
0.50617737 2.31825304 0.49452633
0.17501052 2.24696779 0.59820986
0.33352003 2.43343139 0.36594689
0.56267083 2.32566595 0.50310665
0.23474208 2.28847194 0.53063464
0.18785800 2.26721048 0.55843651
0.42942107 2.24396420 0.58482081
0.46450925 2.26543760 0.57189500
0.53147680 2.22572613 0.60179597
0.47408426 2.23785734 0.58130860
0.22723790 2.20743465 0.63581228
0.46800724 2.33775735 0.46782833
0.24527173 2.23100710 0.59132797
0.46164480 2.51355124 0.27127582
0.37198734 2.29183555 0.52689111
0.38963190 2.25586653 0.56167984
0.44459552 2.31769013 0.48059958
0.20582923 2.48063731 0.30702084
0.49671128 2.41171265 0.39546734
0.46514446 2.31331348 0.49355689
0.43507665 2.43292093 0.36503094
0.31738713 2.41349030 0.38609430
0.40256307 2.35110664 0.45744678
0.26645383 2.45842767 0.35174322
0.45738727 2.42128468 0.39675394
0.48214450 2.46425700 0.32666260
0.41123444 2.46166945 0.33748132
0.40806541 2.27668262 0.53922158
0.52889770 2.30008245 0.51344633
0.44161227 2.35258675 0.44684201
0.57336396 2.22902632 0.60920542
0.22262558 2.22654033 0.61310339
0.43320024 2.35250425 0.46979535
0.41755575 2.33985877 0.47445294
0.29349828 2.25642896 0.56301534
0.40904379 2.26857758 0.57781249
0.25986478 2.43465543 0.38216281
0.30439198 2.38512421 0.41856456
0.34632707 2.43627214 0.38205090
0.38123077 2.34245586 0.45267779
0.41389346 2.43797588 0.37401187
0.29334176 2.43043303 0.36276603
0.52968854 2.48476648 0.30292171
0.23469101 2.24935293 0.60114110
0.23134030 2.25778937 0.55946648
0.51232344 2.39407706 0.42464194
0.51074648 2.42605567 0.37572420
0.51576698 2.41385341 0.39306939
0.26954883 2.26671576 0.57276237
0.43309629 2.26951551 0.54819489
0.49454665 2.23057508 0.61112803
0.28300619 2.28274655 0.54327440
0.53562951 2.31820965 0.52180445
0.49422547 2.45366979 0.33692518
0.45905960 2.44804931 0.34485227
0.17008221 2.26360250 0.56947207
0.31068552 2.26155758 0.57427263
0.24662045 2.20447111 0.63168621
0.53070581 2.44529629 0.35125762
0.51180458 2.22186828 0.61924070
0.52644694 2.24293303 0.59582621
0.50292504 2.26165295 0.57007658
0.30368686 2.46942091 0.34455138
0.53399467 2.39914227 0.41126236
0.52120715 2.43634605 0.38722724
0.54598379 2.42706871 0.38087502
0.28362435 2.41748810 0.38074255
0.55990046 2.45069838 0.35022986
0.53468287 2.45598960 0.32510430
0.37311608 2.36847639 0.43124685
0.20432620 2.23975205 0.58332032
0.31898743 2.43185902 0.38571161
0.22195202 2.50333381 0.29373056
0.54974586 2.21098542 0.62162632
0.60492039 2.40846348 0.40694755
0.24227437 2.48452973 0.30996150
0.59413904 2.30769515 0.52245504
0.30690977 2.44351935 0.36255360
0.37465957 2.27087760 0.55641508
0.25716144 2.25435066 0.58049428
0.59877157 2.39211297 0.43192261
0.48189652 2.27240849 0.56797099
0.44906914 2.42775369 0.37987134
0.48751616 2.50774884 0.27677178
0.44133803 2.47376847 0.31615749
0.42231286 2.37317801 0.43890244
0.57686818 2.43201160 0.37047371
0.57299262 2.38114333 0.44666097
0.20561534 2.26022625 0.55931938
0.44552645 2.25683451 0.55970889
0.17319313 2.23517609 0.58473647
0.47561955 2.42766118 0.37180215
0.28257042 2.40837765 0.39616212
0.29853076 2.43022370 0.38162744
0.46779463 2.25082731 0.56219190
0.59964186 2.32558656 0.51442325
0.39212811 2.26968408 0.57269722
0.37347057 2.28538752 0.54368025
0.52611607 2.32385135 0.49704212
0.26734805 2.44477487 0.36706126
0.57572889 2.29433155 0.53162348
0.49486780 2.24456453 0.60048622
0.54841161 2.24319935 0.59766501
0.43069741 2.48671508 0.30287844
0.24839371 2.27561808 0.53828162
0.47343117 2.36107922 0.45715776
0.47020471 2.47735739 0.31888252
0.50519162 2.35393119 0.46974254
0.22425796 2.24845147 0.57510048
0.40025505 2.35987997 0.43690073
0.19289327 2.48568749 0.29164684
0.46211240 2.23519993 0.59342444
0.56803232 2.39530706 0.41666868
0.52253485 2.46747041 0.31952208
0.55077720 2.41639400 0.39720526
0.51137549 2.46201420 0.33840147
0.20779490 2.27644658 0.53386700
0.50095773 2.45333672 0.35499400
0.44626313 2.45878458 0.33572879
0.47004354 2.32866406 0.49987993
0.26377901 2.26972032 0.54582876
0.27312922 2.28014231 0.55665118
0.37841690 2.33509851 0.46924412
0.41208354 2.27186871 0.55974436
0.50628453 2.30815601 0.50855696
0.29993170 2.24888635 0.57639420
0.24390663 2.26988363 0.56794232
0.56818926 2.21500754 0.61716294
0.27973467 2.44899440 0.34904206
0.41478977 2.47069979 0.31791836
0.43270326 2.45018148 0.34514669
0.38995051 2.30688739 0.52960843
0.26065773 2.42921710 0.36667496
0.28877392 2.27094483 0.56857449
0.47199756 2.48846936 0.30330324
0.51267517 2.23578715 0.59076315
0.58425522 2.41645122 0.38714921
0.39236528 2.34434485 0.47136712
0.41882899 2.25608277 0.58451366
0.46689042 2.32448363 0.48215312
0.46757051 2.24588442 0.60954434
0.44708386 2.43357110 0.39453515
0.22099686 2.28501225 0.53885132
0.45802623 2.49693274 0.28858614
0.49358508 2.32112265 0.48532289
0.55978912 2.31420374 0.51651180
0.41829488 2.35473990 0.46492857
0.25156629 2.44696331 0.37232208
0.44399405 2.24242878 0.59135330
0.54711670 2.38956285 0.42987701
0.17022823 2.28359580 0.54387701
0.30278838 2.39380550 0.40548405
0.45152408 2.36488414 0.44787702
0.42870227 2.43085408 0.37927234
0.57995057 2.20917654 0.62575006
0.28367689 2.41244292 0.41296768
0.51969051 2.32881570 0.48343539
0.53856540 2.22863269 0.61542106
0.49161351 2.47512102 0.32030243
0.40996093 2.32634640 0.47085634
0.57844162 2.23054957 0.59454823
0.50772148 2.40116811 0.40861136
0.20787533 2.22379041 0.60939837
0.58422756 2.40111995 0.41130108
0.21062496 2.22709608 0.59428525
0.46818256 2.26518750 0.55637264
0.54344755 2.45382619 0.35137063
0.42795551 2.33135676 0.46710369
0.58245027 2.22332263 0.62050647
0.30766398 2.40736079 0.39614931
0.24622838 2.22046208 0.60488325
0.26874667 2.42237067 0.38287696
0.52575231 2.24249315 0.57807314
0.48639721 2.23175645 0.59141135
0.19529635 2.28503561 0.54552853
0.22960135 2.21996284 0.60146493
0.16718602 2.25115919 0.57744336
0.57581228 2.32970953 0.49618444
0.52643931 2.45404887 0.33979768
0.25055152 2.23271489 0.61781383
0.23649268 2.24030113 0.58347225
0.48113859 2.42439270 0.40552771
0.43843064 2.25591874 0.58423233
0.24299593 2.45367479 0.35461852
0.39044473 2.28075099 0.54172623
0.54527986 2.34865546 0.48229849
0.44667429 2.51128387 0.27072144
0.49533010 2.42641425 0.37982231
0.56252944 2.29524636 0.52496910
0.36676729 2.38947558 0.42822349
0.38913813 2.36785150 0.43135634
0.50809085 2.23691487 0.62103564
0.58942842 2.38503504 0.44258219
0.43754557 2.24729729 0.57190275
0.43088198 2.50746107 0.27984881
0.17585364 2.27127481 0.55122322
0.46309438 2.25263977 0.57869792
0.42350006 2.26601648 0.57361692
0.22698203 2.27937889 0.55579901
0.59547603 2.23456502 0.61600441
0.51891184 2.43268085 0.36354131
0.44176689 2.27521920 0.55811095
0.39499199 2.37893200 0.44335985
0.23790468 2.28443170 0.54403800
0.26876155 2.25005531 0.57331443
0.56622738 2.39196587 0.43409759
0.22668368 2.46661329 0.33456933
0.53233463 2.33430767 0.48708361
0.45554122 2.47319174 0.31669211
0.35120523 2.44175100 0.36883134
0.22610144 2.18197393 0.63497609
0.21371698 2.27137017 0.54598773
0.46739084 2.45735407 0.33832398
0.47301340 2.44616938 0.34524438
0.29434454 2.27771091 0.55168235
0.48763853 2.24213696 0.57505023
0.56476092 2.41545963 0.39820209
0.40494579 2.33953285 0.46744090
0.37554359 2.25853038 0.56292403
0.20939207 2.20063758 0.62979627
0.18602206 2.23928428 0.58116925
0.45160353 2.26992559 0.56919032
0.33374870 2.44829679 0.35017478
0.55230826 2.23172474 0.59096038
0.19696611 2.26280117 0.57262760
0.38717297 2.25310302 0.57500476
0.22845984 2.47162771 0.31388211
0.46237043 2.43145561 0.38003695
0.48607150 2.43741155 0.38448548
0.42019916 2.27400899 0.54639274
0.54765892 2.32597399 0.49868202
0.52498603 2.41668177 0.40530580
0.53962255 2.43805337 0.37117022
0.47764510 2.34746671 0.46811539
0.49116248 2.32290077 0.49894109
0.32046348 2.43743730 0.36594710
0.18018098 2.25654936 0.61211598
0.38115957 2.28222990 0.52968633
0.21175088 2.25400662 0.57974625
0.55923814 2.22323155 0.62307912
0.55438375 2.39327884 0.41910172
0.22327834 2.21706319 0.62720019
0.48084736 2.45639706 0.33773309
0.55831301 2.42692471 0.37260601
0.46860811 2.42782164 0.40037563
0.51972288 2.39861012 0.41415533
0.25444695 2.44970322 0.34504506
0.49832720 2.48735023 0.29917359
0.42947522 2.47947311 0.31880432
0.50183851 2.41447496 0.41332760
0.36218780 2.26970959 0.54781365
0.59182954 2.21166229 0.63410008
0.27061027 2.25980043 0.55885845
0.55412555 2.24283195 0.58364540
0.51707089 2.34846425 0.47645625
0.42667526 2.27196169 0.56207156
0.43689308 2.34371161 0.45564431
0.40959519 2.34037209 0.45378637
0.43419042 2.32436514 0.48551977
0.43391669 2.25012708 0.59881711
0.40615121 2.37250519 0.44662163
0.23125049 2.26705694 0.57082254
0.59064513 2.40675354 0.39962277
0.46660283 2.45010328 0.35611546
0.50967991 2.24392343 0.57832110
0.54601765 2.22304463 0.62547946
0.25642002 2.26542735 0.57303655
0.27340686 2.43306208 0.36386570
0.18727446 2.49940062 0.28444725
0.23447426 2.19924808 0.62850010
0.49255216 2.44477940 0.34646189
0.42539769 2.45984101 0.34022215
0.58268768 2.31370711 0.51491565
0.53402245 2.43485475 0.38523284
0.19571610 2.24796057 0.60562128
0.45773542 2.34807348 0.47082311
0.55800039 2.34144998 0.49103656
0.51937288 2.31323123 0.50239050
0.39461038 2.26105928 0.58201802
0.49901107 2.25062823 0.57551968
0.20065330 2.27338266 0.54418582
0.21848039 2.26092792 0.55920064
0.47571629 2.51234293 0.27442545
0.33576789 2.42902565 0.38102385
0.30670464 2.45852470 0.35433114
0.37118027 2.35018992 0.45070362
0.50496489 2.43334031 0.36607522
0.52561629 2.23232031 0.61105186
0.34546041 2.42984104 0.37103608
0.18801317 2.27367282 0.54745138
0.23326574 2.27608562 0.53319657
0.20738079 2.27066445 0.56700569
0.51357782 2.45274806 0.35646060
0.24773589 2.46483946 0.34136564
0.48750198 2.41341567 0.40471151
0.43705383 2.44095588 0.39062208
0.51906753 2.48973370 0.29660451
0.43192324 2.45060468 0.35776171
0.31399935 2.39154840 0.41084701
0.44523638 2.35888147 0.45767975
0.54576713 2.23507643 0.60695493
0.47031191 2.43749166 0.36594242
0.27216557 2.41255903 0.39044428
0.57110560 2.40616679 0.41113040
0.55589795 2.29948306 0.51519912
0.43024510 2.25690985 0.56599492
0.23915409 2.20863533 0.61823028
0.29654092 2.40654469 0.39049095
0.27117372 2.46003819 0.34028158
0.32452434 2.42503357 0.37688762
0.29512930 2.40352130 0.40672272
0.30965054 2.40402174 0.40794188
0.45519489 2.33548760 0.46971011
0.18243818 2.26351857 0.57045346
0.51108348 2.41246319 0.40479910
0.47533822 2.25014019 0.58040625
0.43011746 2.49568391 0.28445148
0.41070798 2.34841919 0.48048842
0.29156351 2.43665838 0.37330002
0.44289187 2.34520411 0.47319832
0.52380037 2.42289877 0.38149601
0.44542509 2.33479428 0.48564065
0.46354535 2.48107982 0.30837756
0.52127767 2.38876796 0.43533927
0.19952759 2.25112629 0.57552224
0.57065010 2.24280763 0.59627837
0.19828023 2.23052597 0.58872181
0.30347806 2.41956162 0.37810627
0.54251415 2.40759611 0.41377845
0.22140908 2.19866109 0.62874067
0.40334341 2.26725936 0.56693900
0.42229179 2.50630116 0.27125788
0.58075082 2.29577565 0.51575977
0.47773153 2.31362081 0.49373454
0.25092024 2.24485207 0.58483100
0.51937079 2.22632647 0.60249913
0.53983939 2.23277283 0.59111184
0.28745085 2.45779610 0.35223860
0.54426813 2.31650472 0.51346666
0.15866971 2.26257467 0.56552869
0.27129865 2.28509688 0.54122472
0.50730753 2.32190800 0.50596172
0.41455236 2.44708824 0.36614424
0.52653837 2.22185016 0.61695200
0.58541358 2.22661114 0.60582495
0.47441858 2.23226047 0.59196538
0.38250884 2.28026009 0.55069894
0.37401754 2.36491227 0.44288638
0.41716927 2.24932909 0.57484859
0.37063301 2.27598238 0.53633338
0.46223289 2.23864484 0.58098233
0.50591737 2.43611908 0.37978405
0.32689932 2.40644121 0.39983478
0.49620450 2.46464753 0.32402676
0.21481690 2.48740816 0.29817307
0.20739843 2.28607273 0.54068136
0.37975654 2.30045915 0.52478921
0.50706238 2.49653769 0.29298303
0.45456076 2.31650972 0.48946974
0.51821381 2.30340505 0.50876403
0.42474139 2.43787622 0.36733609
0.41755229 2.24457455 0.58608949
0.50590694 2.24295449 0.59699714
0.51214761 2.47709537 0.31631148
0.22230127 2.21512556 0.61540908
0.25139323 2.26932526 0.54925352
0.52995461 2.40947032 0.41447803
0.50542462 2.44277406 0.35602897
0.34046510 2.44211912 0.36298460
0.21586990 2.23279166 0.60619915
0.44434988 2.44852257 0.34634501
0.50569153 2.22868633 0.60142297
0.54630780 2.43092299 0.36519775
0.44032615 2.46570516 0.32835746
0.45291388 2.32255006 0.47443929
0.45842004 2.26015496 0.55267388
0.22338733 2.24176908 0.59357095
0.29921874 2.26557970 0.55575114
0.36784187 2.26936483 0.56542897
0.19729602 2.28073716 0.53457469
0.49484271 2.36428165 0.45737800
0.46274012 2.34532309 0.46102393
0.20325162 2.48844886 0.29923898
0.18512057 2.25114441 0.60349196
0.27613288 2.27277923 0.56593060
0.46775889 2.33376741 0.48843947
0.21707329 2.24012327 0.58278489
0.42193741 2.35017705 0.47504377
0.23829643 2.27895832 0.55382276
0.22318727 2.29084539 0.52955729
0.25936559 2.44946551 0.35642233
0.16465437 2.24346280 0.59589791
0.41030100 2.36461115 0.43588302
0.24861254 2.45977926 0.32545671
0.36797431 2.37478113 0.43880695
0.21353123 2.47612405 0.31361142
0.49130434 2.26113415 0.57373422
0.49861118 2.47710896 0.31196976
0.40592900 2.25888324 0.58266711
0.45807278 2.35520864 0.44942662
0.57475948 2.31861758 0.50295925
0.49650463 2.30398226 0.50586146
0.46151999 2.27180743 0.56203604
0.55141401 2.44390368 0.34674400
0.45807177 2.43208647 0.39509121
0.24735580 2.25683427 0.57200617
0.55946845 2.23399544 0.60835952
0.52467090 2.31198359 0.52010727
0.48853785 2.50246572 0.28628665
0.51057243 2.33302665 0.48774922
0.26089633 2.46360469 0.33922184
0.23594952 2.22530651 0.61096960
0.41531360 2.33442235 0.46527329
0.49909180 2.31568193 0.50245827
0.19464783 2.27710676 0.55535287
0.48776823 2.23153615 0.60233873
0.50996137 2.25433922 0.57491648
0.29079217 2.42494798 0.37618810
0.55532479 2.21109509 0.63098228
0.46110612 2.45820689 0.34780034
0.40070233 2.27371001 0.54684877
0.39412001 2.38035131 0.43276483
0.38640088 2.35130596 0.45580697
0.55420029 2.43381763 0.38209242
0.52322191 2.33891225 0.48392794
0.23626342 2.47964001 0.31730744
0.39043564 2.33831310 0.45613849
0.53453755 2.44849062 0.33266914
0.56071103 2.43672276 0.36690003
0.42925674 2.33049703 0.47836813
0.53516281 2.23449874 0.60659516
0.30098325 2.26574230 0.57320422
0.53355587 2.43207312 0.36300188
0.47198069 2.25791669 0.57239264
0.50440240 2.22871327 0.61541915
0.46193996 2.50669265 0.28744793
0.48234859 2.24397874 0.59973961
0.29778147 2.39306235 0.41510406
0.50588012 2.40657902 0.41901237
0.30545765 2.41815329 0.38840932
0.53894937 2.30093455 0.51647949
0.18322754 2.27746105 0.55602288
0.22399886 2.25371313 0.56599587
0.48753822 2.41164017 0.41507599
0.51425654 2.32490063 0.49545342
0.44553030 2.43351054 0.36585009
0.44723108 2.42257547 0.39108554
0.58428335 2.30441499 0.52393425
0.41708583 2.45844936 0.34695849
0.55636209 2.32260776 0.51087940
0.54356980 2.21394444 0.63002825
0.53820151 2.21378946 0.61912954
0.24701552 2.28593850 0.53783214
0.44848117 2.32494402 0.48945132
0.28632653 2.43321824 0.38278323
0.52914304 2.25241256 0.57762337
0.37180510 2.33818889 0.46110114
0.23344965 2.21764612 0.62568307
0.37389687 2.37860298 0.42954630
0.51557207 2.45682311 0.34723374
0.57569975 2.42131305 0.39010611
0.45176464 2.45020533 0.35324585
0.57995331 2.38286734 0.43929896
0.16504331 2.23433161 0.59090990
0.25976512 2.43802667 0.37248492
0.38305810 2.27055836 0.56800699
0.57967436 2.20402336 0.63459641
0.47937170 2.32121015 0.48249930
0.39903298 2.37040806 0.43183735
0.59698933 2.41288638 0.39376527
0.58588415 2.32979679 0.49753857
0.25460473 2.45868206 0.34979898
0.54080826 2.39662027 0.43351921
0.41938421 2.35275292 0.45314556
0.36208868 2.27375650 0.55837357
0.55592757 2.44251060 0.35565031
0.37551215 2.38319445 0.43873298
0.43295473 2.28001022 0.54670835
0.56606251 2.38200760 0.43940955
0.47845316 2.24631143 0.56752080
0.38516906 2.34105015 0.46474800
0.44899836 2.34829998 0.45215693
0.43610922 2.48210073 0.30999133
0.47795016 2.43421650 0.37952352
0.47981918 2.41323996 0.39748281
0.39632854 2.34529281 0.45206219
0.51006132 2.46533012 0.31712610
0.30610132 2.43542647 0.37073469
0.44723225 2.25449729 0.56923485
0.17010456 2.26641750 0.55992907
0.37314549 2.27045631 0.54660916
0.31651592 2.26906586 0.57146162
0.47680762 2.47035623 0.31653711
0.29695490 2.46036911 0.34846842
0.56831980 2.21719384 0.62679988
0.58241284 2.23869944 0.60205901
0.43262866 2.45854616 0.35196453
0.52217484 2.39395237 0.42480630
0.16756995 2.24321508 0.58421940
0.56945598 2.33427954 0.48755357
0.59680039 2.40330982 0.40889204
0.15752287 2.25097322 0.57581800
0.43125081 2.37733173 0.43956512
0.26154792 2.42650890 0.37602952
0.42364639 2.48079181 0.30786705
0.56450307 2.22898364 0.61502117
0.38421062 2.28721023 0.53747886
0.39406320 2.34948301 0.46332318
0.51812160 2.44429922 0.35522425
0.54058337 2.34107804 0.48689058
0.44919640 2.47834468 0.31154770
0.40371916 2.34683418 0.47363785
0.41620600 2.38065195 0.43881890
0.51518285 2.45315528 0.33797494
0.52012503 2.24367738 0.58581591
0.38153660 2.29214144 0.52933115
0.51550388 2.24223876 0.59742677
0.24517228 2.47625852 0.31591865
0.19886018 2.26803875 0.56340665
0.28213704 2.26054311 0.55873990
0.51087111 2.32406688 0.48429057
0.31285009 2.42233253 0.37759498
0.42847058 2.25318003 0.58729482
0.19814323 2.24841332 0.58460063
0.30912271 2.25148702 0.57602638
0.43561611 2.50801063 0.27157760
0.23550078 2.46934223 0.33825555
0.56500667 2.22834754 0.60302436
0.50737441 2.48720002 0.29489118
0.34154814 2.45462632 0.34979907
0.28487712 2.43719220 0.36655784
0.28841054 2.26906490 0.54974627
0.38484135 2.26886535 0.57860100
0.25112373 2.27322769 0.56148869
0.51888126 2.21885705 0.62464643
0.47143996 2.26997852 0.56746024
0.20639013 2.25673604 0.56799722
0.43796676 2.35298204 0.45820028
0.47165230 2.31764174 0.49963263
0.17996748 2.28300023 0.54481590
0.50462133 2.41642642 0.39711455
0.23616238 2.22961521 0.58972138
0.53842020 2.41854644 0.40137485
0.44593897 2.26853633 0.54939890
0.30695543 2.43414474 0.38075462
0.46394116 2.24445367 0.57388133
0.53215337 2.30658269 0.52126276
0.55937833 2.38731861 0.42986399
0.43580633 2.42869163 0.37368581
0.45409739 2.45401096 0.33974573
0.50261122 2.42571735 0.37080872
0.48889568 2.43005300 0.37423888
0.42057920 2.43157053 0.37378767
0.29542202 2.25809145 0.57191646
0.48566955 2.43324184 0.39273328
0.48276189 2.42777991 0.36594379
0.32581809 2.44874573 0.35489172
0.41194972 2.34863973 0.46772099
0.24155629 2.22406340 0.59777886
0.43447718 2.35734057 0.44346747
0.43228364 2.32120872 0.47707701
0.49232170 2.48346663 0.30496955
0.36676255 2.38333654 0.43508026
0.41013336 2.25822377 0.56861329
0.53508145 2.32243252 0.49855542
0.43400145 2.46213984 0.33400080
0.21817484 2.20592380 0.63548934
0.36673278 2.26056671 0.56126720
0.46919146 2.23903418 0.60363656
0.49584511 2.25589776 0.56772292
0.28883737 2.41405582 0.39971721
0.45347047 2.50313139 0.28119183
0.44653532 2.26655483 0.56234932
0.55890846 2.42166567 0.39490920
0.43739238 2.43299270 0.38614923
0.54584301 2.22786093 0.60135257
0.55732340 2.41425681 0.40336391
0.54183483 2.44756484 0.34493285
0.45987275 2.31865454 0.48215634
0.51366526 2.43450284 0.37076503
0.59929579 2.23301339 0.62412465
0.43729949 2.45737576 0.34198123
0.32955620 2.42710805 0.38739705
0.46575862 2.42878294 0.38912991
0.23290975 2.27162695 0.55436534
0.44753140 2.24832273 0.58542186
0.35571223 2.44621563 0.36233860
0.38744181 2.36850524 0.44024906
0.40927017 2.27373171 0.55133021
0.48055571 2.48900485 0.30044794
0.59783590 2.38828182 0.44310665
0.54391742 2.41295600 0.39246318
0.22312121 2.22399497 0.59665960
0.41655421 2.46386504 0.33053914
0.54317957 2.31330180 0.52226764
0.42080072 2.32705283 0.47224885
0.56710559 2.43150640 0.37049553
0.50278658 2.46042824 0.34053573
0.38268793 2.33135080 0.46228388
0.22193508 2.27265906 0.54261327
0.32621819 2.42853332 0.36768207
0.19272535 2.24446034 0.57823861
0.27084583 2.43831778 0.37424868
0.23128682 2.48316765 0.30791110
0.50410694 2.31467175 0.51429552
0.31198820 2.27447081 0.56426924
0.41403887 2.37065625 0.44286099
0.41022709 2.34887052 0.45111731
0.38008469 2.35183191 0.44951960
0.29563051 2.25543237 0.58066678
0.57174563 2.42489815 0.37850598
0.49498072 2.23369932 0.59008855
0.32268274 2.41231847 0.39312333
0.52782565 2.39601302 0.41682130
0.52316135 2.41192269 0.39755085
0.55299562 2.31095338 0.52117586
0.42628053 2.47121477 0.31863976
0.39875314 2.25253510 0.57634085
0.28159982 2.24938869 0.57352310
0.48282537 2.47591686 0.32073003
0.21521735 2.28238845 0.53271353
0.32045585 2.42157078 0.38432568
0.46814734 2.51387405 0.27868986
0.30866140 2.45225286 0.34708747
0.52055818 2.23334289 0.59385693
0.45492426 2.42906880 0.37342501
0.39515364 2.27343178 0.54002595
0.42656624 2.27315092 0.55335611
0.33935827 2.43209076 0.38996276
0.42101941 2.43188167 0.38339692
0.26690650 2.45241451 0.34085080
0.45805302 2.48563051 0.30137566
0.22008677 2.27638960 0.55135679
0.28350013 2.41399074 0.38955399
0.50151044 2.46675444 0.31623441
0.55563766 2.33028865 0.50092846
0.59284097 2.22620368 0.62157542
0.29712209 2.26876354 0.56605774
0.22875528 2.24253273 0.57955569
0.27034363 2.25461245 0.58050025
0.55775237 2.21233058 0.61862910
0.26544988 2.27640772 0.55805069
0.46203092 2.32584739 0.49822769
0.21570836 2.49745059 0.29484078
0.27798933 2.43218255 0.38471508
0.31520808 2.45957613 0.35113576
0.31065005 2.39866829 0.40104657
0.41133481 2.49364138 0.28395578
0.42432508 2.45159554 0.34651613
0.41825938 2.33790374 0.48280436
0.25108704 2.45332384 0.35752293
0.58334720 2.41126943 0.39395255
0.56917334 2.29149222 0.52101970
0.27179775 2.45223451 0.34864327
0.54806095 2.43797016 0.37268156
0.28708547 2.45241356 0.34558272
0.44291425 2.24847746 0.60417515
0.24312569 2.25053692 0.60196716
0.48672095 2.32669902 0.48967284
0.36844140 2.26186442 0.56953597
0.30229789 2.40737247 0.40279442
0.49911690 2.41125059 0.40364558
0.48736450 2.49081993 0.28623819
0.28934628 2.40335703 0.39379796
0.41145241 2.24598217 0.58022147
0.49660131 2.35415602 0.46672726
0.48152131 2.40698266 0.40918344
0.47328392 2.25936317 0.55992711
0.52077776 2.45017505 0.34965909
0.45276877 2.45952415 0.34972504
0.24966073 2.25096631 0.57836246
0.36437857 2.28895998 0.52934289
0.47829166 2.42796826 0.39309576
0.51635706 2.42690516 0.38229579
0.45650601 2.43288374 0.38599870
0.45887223 2.45373106 0.35621879
0.59040594 2.37993169 0.44926414
0.46367264 2.43257451 0.37175143
0.43967205 2.26091385 0.56422794
0.46420771 2.35192251 0.45597976
0.54807955 2.44724727 0.35389054
0.43823749 2.49493170 0.28659141
0.19007069 2.26567388 0.56761837
0.38867086 2.27798700 0.53398097
0.40246347 2.33928823 0.45942003
0.55659318 2.24313498 0.59577298
0.58398998 2.30422258 0.51555002
0.46769607 2.31662250 0.48490244
0.58062828 2.33311558 0.49028936
0.51236308 2.23037004 0.61725461
0.48554039 2.44519162 0.35093850
0.40622324 2.33136821 0.46536341
0.46550575 2.35094523 0.47008634
0.42952341 2.24712896 0.57407641
0.53710741 2.44812655 0.35574162
0.27650672 2.27175212 0.54641730
0.54087251 2.43604302 0.38068050
0.31194523 2.43723536 0.36459997
0.59072834 2.31321979 0.51694870
0.55386686 2.44301748 0.33886001
0.35141197 2.43466544 0.36450648
0.58281308 2.39723778 0.41850370
0.24059428 2.20381713 0.62483305
0.39971265 2.26722097 0.57496369
0.46016040 2.24571824 0.60583246
0.48124146 2.35868883 0.46181941
0.52173936 2.48682547 0.30388653
0.47932124 2.44980168 0.35562912
0.50345796 2.42525363 0.38038850
0.56279504 2.40164924 0.41643652
0.59329945 2.38889480 0.45034742
0.52587950 2.22341585 0.60890538
0.48759478 2.24012709 0.58302104
0.43538588 2.33719754 0.46633720
0.49247292 2.31420422 0.49782184
0.18563484 2.23174000 0.58851200
0.47009817 2.43140578 0.37672687
0.55402374 2.29630685 0.52253312
0.38104945 2.27828336 0.54286826
0.54670835 2.22908902 0.61462545
0.52704430 2.31972861 0.51889145
0.30168754 2.40102720 0.41093409
0.24958786 2.45368004 0.33981663
0.27399409 2.46208239 0.34766912
0.43044713 2.34661102 0.45155969
0.43784478 2.24412179 0.58625972
0.24392338 2.27630305 0.55918670
0.24910866 2.45060921 0.36495647
0.46411902 2.42108941 0.40137517
0.33249527 2.43457770 0.37395376
0.50479376 2.44512463 0.34535047
0.31573170 2.40812135 0.39256909
0.18018872 2.25222969 0.57285774
0.47417253 2.45292211 0.34963155
0.46739367 2.32497358 0.49024147
0.54863119 2.38898492 0.43782943
0.37966079 2.37150526 0.42752677
0.30379564 2.26570964 0.56244916
0.47747487 2.48291755 0.30552566
0.54069656 2.45156407 0.32841063
0.51624095 2.34108615 0.48045781
0.41791737 2.27878928 0.54027373
0.51920187 2.31853437 0.49487463
0.54233193 2.39993358 0.41633540
0.28910649 2.40048289 0.41115355
0.30526856 2.39094853 0.41297606
0.35472894 2.42874503 0.37176311
0.51705021 2.46795440 0.32540977
0.48648676 2.41871357 0.41069728
0.46280625 2.46979117 0.31740451
0.50037909 2.40421057 0.40737966
0.49117756 2.48471808 0.29660991
0.37123722 2.34531116 0.45708287
0.25022852 2.23707294 0.58957595
0.36393571 2.34447837 0.45254952
0.29742000 2.25131035 0.56815124
0.23285092 2.22325158 0.61999595
0.27845722 2.28807425 0.53925931
0.43375030 2.27486992 0.55640203
0.19661625 2.49667549 0.28780842
0.51364499 2.40084434 0.42062664
0.56493080 2.30769396 0.51881832
0.60051835 2.39665842 0.42561236
0.40956756 2.33565855 0.47264832
0.53410757 2.24219561 0.59785789
0.21902911 2.25662851 0.57788026
0.57765538 2.42087412 0.38240749
0.23326308 2.28489709 0.53757650
0.48892146 2.50016737 0.27869803
0.31919813 2.42914200 0.36404651
0.53312266 2.24511909 0.57934260
0.47037020 2.34497213 0.46310893
0.48539752 2.34817481 0.46950835
0.27557400 2.46786356 0.34105536
0.55201828 2.22058439 0.62096363
0.44837475 2.27811575 0.55490291
0.43765861 2.48440027 0.29996443
0.47797704 2.43404531 0.36632055
0.52768910 2.46181560 0.32145536
0.49625862 2.45783615 0.35052750
0.28050417 2.41157460 0.40306661
0.25835359 2.28239846 0.53889334
0.59216833 2.23218226 0.60897994
0.23359524 2.48956633 0.30395937
0.26345626 2.27011180 0.56912869
0.47867012 2.26526880 0.56742698
0.57493991 2.39624190 0.42028168
0.23892748 2.25943828 0.56063139
0.46977189 2.50817227 0.28630382
0.49919707 2.49852395 0.28914177
0.48675597 2.45282817 0.35604134
0.57002014 2.32870936 0.50137442
0.16892892 2.27426219 0.55336308
0.47437105 2.33486223 0.48421431
0.30007797 2.44058394 0.36500639
0.48746294 2.41426921 0.39616317
0.48658675 2.26549625 0.56927335
0.20636852 2.25880098 0.57673061
0.27477592 2.42512965 0.37877646
0.25080013 2.24163795 0.61239529
0.56633461 2.22300649 0.61964172
0.49375814 2.31123281 0.50640118
0.22595321 2.27770448 0.53525633
0.50824594 2.45771360 0.34958118
0.49870637 2.43592024 0.38256893
0.46579173 2.50173640 0.28294319
0.59911603 2.32398605 0.50691557
0.44798356 2.47027850 0.31774729
0.52702957 2.44752216 0.34377822
0.28002012 2.45698094 0.35393298
0.51364744 2.43509722 0.38742259
0.47703573 2.25613379 0.56577468
0.53722167 2.34639502 0.48251730
0.20873831 2.21574807 0.61622357
0.47766531 2.31250000 0.50152713
0.32811075 2.43878984 0.36518762
0.44974983 2.41828442 0.39689147
0.36549115 2.37719774 0.43070340
0.49481261 2.42600179 0.36956790
0.31449792 2.43488479 0.37978527
0.45563605 2.36206937 0.45365030
0.45344615 2.46471047 0.32676139
0.49873579 2.25733423 0.57911921
0.51361787 2.48020935 0.30951950
0.28156778 2.26920390 0.57029653
0.51419258 2.23940611 0.58370572
0.47382641 2.45955467 0.33491689
0.48739183 2.32587886 0.48214191
0.51657557 2.31143665 0.51668352
0.24444471 2.21623397 0.62445158
0.42526552 2.35250640 0.46686521
0.27433848 2.42687702 0.40040493
0.21685435 2.21678090 0.62320501
0.46249545 2.33223391 0.49391600
0.44770372 2.34237719 0.46809176
0.41240111 2.26453948 0.57208842
0.52426839 2.30603886 0.51300412
0.47375834 2.32943130 0.48993903
0.48058301 2.50126457 0.28530395
0.24112548 2.23452306 0.58609188
0.44430530 2.43595457 0.38672507
0.47460961 2.46449184 0.32648069
0.58716398 2.38496089 0.42965880
0.25489861 2.42840052 0.37303519
0.59011561 2.21741343 0.62955558
0.42234805 2.48305798 0.30081061
0.25071281 2.43719006 0.36435813
0.21714173 2.24004769 0.59738272
0.22664504 2.47174597 0.32907820
0.18902929 2.48828816 0.28575185
0.45451608 2.51140141 0.27223110
0.47069252 2.47881627 0.30870086
0.26606128 2.43349504 0.37809658
0.57676810 2.40070128 0.41196504
0.49503836 2.41113448 0.41642371
0.54044700 2.39025497 0.42652375
0.29520595 2.40976620 0.40239707
0.22958548 2.26451707 0.56224912
0.41603011 2.34593868 0.45678008
0.50059026 2.32290101 0.48343942
0.48121855 2.42748189 0.37673759
0.55090052 2.34121323 0.48874474
0.39865154 2.34434414 0.46735013
0.23544149 2.46921158 0.31641376
0.44169587 2.42878318 0.37942886
0.53523105 2.45078039 0.33973226
0.51580560 2.24797583 0.57958746
0.25307494 2.27072668 0.56822890
0.46011704 2.45784068 0.33679241
0.45453948 2.33769488 0.48777172
0.57350063 2.38781476 0.43013158
0.38014600 2.27459359 0.55980778
0.41809246 2.45903349 0.33904478
0.50222105 2.24344015 0.57876951
0.26539785 2.28072357 0.54238999
0.46678069 2.36021328 0.46037072
0.30439660 2.42826700 0.36820063
0.52618164 2.43203139 0.36657840
0.44364306 2.24529052 0.57798702
0.29207203 2.26339173 0.56797278
0.56945443 2.29576421 0.52795780
0.43793887 2.50946951 0.27888238
0.46226239 2.25568104 0.56294912
0.57497269 2.21349835 0.61969632
0.52524340 2.31771350 0.50263345
0.51947635 2.23405075 0.60732895
0.45154780 2.44907880 0.34461591
0.50784779 2.45582223 0.33646548
0.42652440 2.27378368 0.54260272
0.58693510 2.29459405 0.53190768
0.57065284 2.38773680 0.43875962
0.48248923 2.30893326 0.49680287
0.28614700 2.43150520 0.36176020
0.37793231 2.35897064 0.44695008
0.28563732 2.27568603 0.55121040
0.45642251 2.47829556 0.31038249
0.49397179 2.45121908 0.35540417
0.43117830 2.26654625 0.57295531
0.46948245 2.51328492 0.27072781
0.24518153 2.26900959 0.54543614
0.40213162 2.27321410 0.55542737
0.33553123 2.45659804 0.35340604
0.27078801 2.26884723 0.54987234
0.50124383 2.22798872 0.60889471
0.45095798 2.49827957 0.28747800
0.49285465 2.43296885 0.39166537
0.52704030 2.39917684 0.40916154
0.30185562 2.41374350 0.39933538
0.50002551 2.31897068 0.49074742
0.36303115 2.27409863 0.54203713
0.40923676 2.38000536 0.44070894
0.25356698 2.25924087 0.57653433
0.48858914 2.40607715 0.40787548
0.26247305 2.25036955 0.57688969
0.37503681 2.27169871 0.57454056
0.55196083 2.31701398 0.51217872
0.55320466 2.43174791 0.36721307
0.56433213 2.41179156 0.40441269
0.51503050 2.40997672 0.39928207
0.46976468 2.48174453 0.30191135
0.48921394 2.46639395 0.32449925
0.43481860 2.25060844 0.58956850
0.29311085 2.24979019 0.57423109
0.44787747 2.42856216 0.37199351
0.24017140 2.28460217 0.53554374
0.24050204 2.21722245 0.60781068
0.57950830 2.22555351 0.60184300
0.32666191 2.43120956 0.37990311
0.19450489 2.27655292 0.54220694
0.55277073 2.45098186 0.34934077
0.37505919 2.37584972 0.43820897
0.39529678 2.28043127 0.53531986
0.57814759 2.30089116 0.52519035
0.54726833 2.24464607 0.58251590
0.30883926 2.45981646 0.34760064
0.24186639 2.28918171 0.53012437
0.53355306 2.31299233 0.50263584
0.45519826 2.23800015 0.58220613
0.17593147 2.27713466 0.54399455
0.48191357 2.51126385 0.27953303
0.20702955 2.27498245 0.54083139
0.22476391 2.26942301 0.56897128
0.50667405 2.48161125 0.30864358
0.50466603 2.47636867 0.31976318
0.25398999 2.28753376 0.53658843
0.48100221 2.24467349 0.57455659
0.56265080 2.40671992 0.41081709
0.50466740 2.48092604 0.29689336
0.59325147 2.42544270 0.38747698
0.37474275 2.28533053 0.52615678
0.15848120 2.23737240 0.58868349
0.53284025 2.23391199 0.59146678
0.56520230 2.34077311 0.49021399
0.20875899 2.48379803 0.29739389
0.42450428 2.45060873 0.35701966
0.41087738 2.35501671 0.47789297
0.25769109 2.27321243 0.54482454
0.38630864 2.27428246 0.55088609
0.17423452 2.26123381 0.56242341
0.43215457 2.44639325 0.38826275
0.29022327 2.46934986 0.34326375
0.40151915 2.37360597 0.43764374
0.58401734 2.21818233 0.62511456
0.36313945 2.36986494 0.43720448
0.36547151 2.28058505 0.53482717
0.55262005 2.22808623 0.60337019
0.23879643 2.26967835 0.56305480
0.24707037 2.21048880 0.62763667
0.56248558 2.32429290 0.49617013
0.46963897 2.24219370 0.57739764
0.45625368 2.23903513 0.59249187
0.29794708 2.42884016 0.37473059
0.55066872 2.23671985 0.58420002
0.43958461 2.45556307 0.34880134
0.42134374 2.44879413 0.36553463
0.44192761 2.34764338 0.45182368
0.41368088 2.27320719 0.54390717
0.46996939 2.23388600 0.59892935
0.40214476 2.28045106 0.53915972
0.57558000 2.23804545 0.59777635
0.46971184 2.46919131 0.31848711
0.26679647 2.43523312 0.36299500
0.17483632 2.26799130 0.56677365
0.38795295 2.29112387 0.53195417
0.47131771 2.31389976 0.49030727
0.42988020 2.43268442 0.38591558
0.19785807 2.22706294 0.59477901
0.33746865 2.43528867 0.38361850
0.21457386 2.48277378 0.31173617
0.55972934 2.39450622 0.43417859
0.40192503 2.37929869 0.44267157
0.57246256 2.23345900 0.59245765
0.45838201 2.26624680 0.55605108
0.20043458 2.28674746 0.54114902
0.21539330 2.19564223 0.63052362
0.54105842 2.24258661 0.59786159
0.29841688 2.43660593 0.37207958
0.43589485 2.47746587 0.32058579
0.43964899 2.32151246 0.47754508
0.49401098 2.22869778 0.60349429
0.54920810 2.40859723 0.41081652
0.48625368 2.31717300 0.49949160
0.37878585 2.27611303 0.52740896
0.51644671 2.46885228 0.31648999
0.54873949 2.39728999 0.41667581
0.55836618 2.23584008 0.58685881
0.48785985 2.45627570 0.33601773
0.48630428 2.36183333 0.45827073
0.58465916 2.40712547 0.40310124
0.23950814 2.45863652 0.35126045
0.48249084 2.23312545 0.60766411
0.56714880 2.38911724 0.42768812
0.30819124 2.27018070 0.56816113
0.46598461 2.44800377 0.34491095
0.40606946 2.37150788 0.43168792
0.52109444 2.49635148 0.29510787
0.51177764 2.39960861 0.41407734
0.19202973 2.23686099 0.58360249
0.23896332 2.45756769 0.34266987
0.39583910 2.25553608 0.56468564
0.28295797 2.46299696 0.34713125
0.17389643 2.25056171 0.57514721
0.37256274 2.38704634 0.43382600
0.46189302 2.34263015 0.46999928
0.50621754 2.23506451 0.60987461
0.51311028 2.39174032 0.43107596
0.53305548 2.23015189 0.61160791
0.41944450 2.26957965 0.56936836
0.54782969 2.43200445 0.38528144
0.51757318 2.42650151 0.37515879
0.21073291 2.27705717 0.54840791
0.55270940 2.23513937 0.60821581
0.42688051 2.45973516 0.34842560
0.48233208 2.43230653 0.37200394
0.22251280 2.23188114 0.60759842
0.46788397 2.46370268 0.32750565
0.22447433 2.48627377 0.30874017
0.37862727 2.33777165 0.46143004
0.29347125 2.43462396 0.38026565
0.52614766 2.43183112 0.38583753
0.57040542 2.41239572 0.40053982
0.42957601 2.43408346 0.37032470
0.25181833 2.25427294 0.56751549
0.50138545 2.40163493 0.41761142
0.49310732 2.23970580 0.57901961
0.21544886 2.21451664 0.61615491
0.50494057 2.43306088 0.38609049
0.46136075 2.35935545 0.45632631
0.40926558 2.34546995 0.45829847
0.55156004 2.42631006 0.37193957
0.17943795 2.24085879 0.58040571
0.28824246 2.26593900 0.57315898
0.23797789 2.26800227 0.57127035
0.38129979 2.26265645 0.57409585
0.50111496 2.43629742 0.37083733
0.56385732 2.24308872 0.59613693
0.42597425 2.44378614 0.38618731
0.51267087 2.43709683 0.38100266
0.23094608 2.24754953 0.57433051
0.51247942 2.22885633 0.60144216
0.21017608 2.26556492 0.57345188
0.29694474 2.47020316 0.34309164
0.33058643 2.42126584 0.39434493
0.34248111 2.42948246 0.38023186
0.50603157 2.25132132 0.57029688
0.42523777 2.36751366 0.43661126
0.46316740 2.48055196 0.30094397
0.24961403 2.25691080 0.56100512
0.59071136 2.41526651 0.38881677
0.50779414 2.32298636 0.49929681
0.21803044 2.26997519 0.56859124
0.49545813 2.46917105 0.31805176
0.49542749 2.32748199 0.48397720
0.45198923 2.35837483 0.46387652
0.53963935 2.22638035 0.62169898
0.42396277 2.43567300 0.37795040
0.46707278 2.45658898 0.35051483
0.41519091 2.37471485 0.43577352
0.26289570 2.25813437 0.56211072
0.16346611 2.26559663 0.56081069
0.43964431 2.43357635 0.39248127
0.25410181 2.44096923 0.37030920
0.30482617 2.42534471 0.38129467
0.28279173 2.27342558 0.56519645
0.27984828 2.28046560 0.55652887
0.42561302 2.50329757 0.28019208
0.29403332 2.45501685 0.34563476
0.21310011 2.28034282 0.55704230
0.24662694 2.28062773 0.55314296
0.23242503 2.45937490 0.34096611
0.58554924 2.30976558 0.52009845
0.40317571 2.34497070 0.45483583
0.42826813 2.32437110 0.48241037
0.59600240 2.39823389 0.41316497
0.58156085 2.38806224 0.44318259
0.49355873 2.49826455 0.28363916
0.57144809 2.22784853 0.60133141
0.42102459 2.37875533 0.43460125
0.52865106 2.34279752 0.48400363
0.43323684 2.37171888 0.44258231
0.44330364 2.48208451 0.30266741
0.33847153 2.43023324 0.37495312
0.37669745 2.34818268 0.45456859
0.54021925 2.43224859 0.38610858
0.51361454 2.32026005 0.50465786
0.38750586 2.38088632 0.43304601
0.44046754 2.50676703 0.28574553
0.53313458 2.23918295 0.58230716
0.44532174 2.27104974 0.56738311
0.29268584 2.27055526 0.55458981
0.23425636 2.20421219 0.63288867
0.46381789 2.47697783 0.31715584
0.52113557 2.24676204 0.57584292
0.43787217 2.45335650 0.35869402
0.34675407 2.44027138 0.36391264
0.47358352 2.42452836 0.40321612
0.25904068 2.27779865 0.55730534
0.47437906 2.25096059 0.56178069
0.18653844 2.25519609 0.61486250
0.37663463 2.28018165 0.53835630
0.51308715 2.31831598 0.49242693
0.44698739 2.46600866 0.32690567
0.31480736 2.39618349 0.40623686
0.27814013 2.41266704 0.39321184
0.32901153 2.45498943 0.35285041
0.38804704 2.36227131 0.43824482
0.57774466 2.22413588 0.60891557
0.43817434 2.27323961 0.54632938
0.22544631 2.25421524 0.57801479
0.53868341 2.43009996 0.36659831
0.52000654 2.22118878 0.61706257
0.52403390 2.34750915 0.47704414
0.26217616 2.46129251 0.34768614
0.55313754 2.38966966 0.43246084
0.45077333 2.43212247 0.38932559
0.24470408 2.28394127 0.54361880
0.25525057 2.24914527 0.57549775
0.45095521 2.43528366 0.36903977
0.44264999 2.26541972 0.57200760
0.20056975 2.28072572 0.55291843
0.47329199 2.44731307 0.35541490
0.40106168 2.36470151 0.44121999
0.19015571 2.27821803 0.53627574
0.23476620 2.46439862 0.32254934
0.38943470 2.33480501 0.46241742
0.53744233 2.21664023 0.62841111
0.28996491 2.41085124 0.41355076
0.28128362 2.41631198 0.40831336
0.38451746 2.33710408 0.45854321
0.53180963 2.45396042 0.33521247
0.25372705 2.46329713 0.33937469
0.52459961 2.39364576 0.43082386
0.50590914 2.40734863 0.40940940
0.23415858 2.18311644 0.63414109
0.43239582 2.35660934 0.46484047
0.51448703 2.35252976 0.47211638
0.50625408 2.23995113 0.58245611
0.46537167 2.26761365 0.56584930
0.36408293 2.38373113 0.42687309
0.55585182 2.32388330 0.50454497
0.44407848 2.45299578 0.35652503
0.41556320 2.35127521 0.47539845
0.54868942 2.41028047 0.39767927
0.59275401 2.42034173 0.39236996
0.56184465 2.38372445 0.44418591
0.45046991 2.45593095 0.35597950
0.23106909 2.47971201 0.31344348
0.54425138 2.41924334 0.39865825
0.58091933 2.29359078 0.52784210
0.22932011 2.22421432 0.59484863
0.44825208 2.33086205 0.49202025
0.49031562 2.47896051 0.30912954
0.27982688 2.43334317 0.36444247
0.48373538 2.43182921 0.38228312
0.57355702 2.20476985 0.63273358
0.51435363 2.25805521 0.57204676
0.48062888 2.41337419 0.40588471
0.39441109 2.27485681 0.54746467
0.29959697 2.42916012 0.36403441
0.26445359 2.45927763 0.33610207
0.26961312 2.27237654 0.54465026
0.54898405 2.21064925 0.62906563
0.44924396 2.33701444 0.46493486
0.47557116 2.51123428 0.28073460
0.56675029 2.23041320 0.60883212
0.20941056 2.49694943 0.29378861
0.52022004 2.33464193 0.48022074
0.18216984 2.27739429 0.54258525
0.48039308 2.23870802 0.58064902
0.17502777 2.26409483 0.57350135
0.27608699 2.26702142 0.57276636
0.59042519 2.40330577 0.40935260
0.29510248 2.39792657 0.41194683
0.34965429 2.44539404 0.36051100
0.37016752 2.27534866 0.55711436
0.21039398 2.27999234 0.53879678
0.23507425 2.26377439 0.56539208
0.51859605 2.40638900 0.41453803
0.58086312 2.32606101 0.49868727
0.44996020 2.23945451 0.59330612
0.52539724 2.44665861 0.35447219
0.41360158 2.44582224 0.37228975
0.40037474 2.25605536 0.58148664
0.40323111 2.34867740 0.46665430
0.56621355 2.23251700 0.59292185
0.43000466 2.48214483 0.30830327
0.52230692 2.45616484 0.34828103
0.47573164 2.47566700 0.32146436
0.58572686 2.38039517 0.44007844
0.25628871 2.43310642 0.36426926
0.46114084 2.33628368 0.46771955
0.26697734 2.42333412 0.37540656
0.42386371 2.49528909 0.28363627
0.43372920 2.50577235 0.28522849
0.46404380 2.43714309 0.36740723
0.42093918 2.46620488 0.32664603
0.22891536 2.22962809 0.58935463
0.53136730 2.21805882 0.61840779
0.29194739 2.43479228 0.36710113
0.21470422 2.28473520 0.53859890
0.48181421 2.23077703 0.60042328
0.21778585 2.22998977 0.58914399
0.28889090 2.25494242 0.58086216
0.46829662 2.33086586 0.48288146
0.40516651 2.34047294 0.47365710
0.54544520 2.22489285 0.61950612
0.28435189 2.43457365 0.37262625
0.48937488 2.32957315 0.49458078
0.31763166 2.42522717 0.37474158
0.46810564 2.23757052 0.58319360
0.57527304 2.33623838 0.48931998
0.52972782 2.41235089 0.40097749
0.50034386 2.45473289 0.33781365
0.19219385 2.23186517 0.58800960
0.21997826 2.48464942 0.30042529
0.47967920 2.32737184 0.48997864
0.42820686 2.25088072 0.59634143
0.36830002 2.36735106 0.43972361
0.24347943 2.25447941 0.57915413
0.21747775 2.28796101 0.53095835
0.27610621 2.25678492 0.57936394
0.46871272 2.23482275 0.59205544
0.18874852 2.28367591 0.53898871
0.53391355 2.39504957 0.41788772
0.22669366 2.28564453 0.54135317
0.47252652 2.43057251 0.39412332
0.56584048 2.42777276 0.37534332
0.32278800 2.40198994 0.39819840
0.48917738 2.23252678 0.60863012
0.46899235 2.43007183 0.38270879
0.57929409 2.32358599 0.50606799
0.41417104 2.34443331 0.47194538
0.21230073 2.26109815 0.55858445
0.51240051 2.47328997 0.32120818
0.36282778 2.26612663 0.56378353
0.25927469 2.45138383 0.34155357
0.35261679 2.44903851 0.35563046
0.53630650 2.32956815 0.48729455
0.50736564 2.41177869 0.41400021
0.54992914 2.34667134 0.48600006
0.50081438 2.23558211 0.58931792
0.38957214 2.27779531 0.55511844
0.19354399 2.26914263 0.55986655
0.41960731 2.32966614 0.46679068
0.42144424 2.28003550 0.54517615
0.49357289 2.40800595 0.41095200
0.57844543 2.30181766 0.51432657
0.47878870 2.44504786 0.34709001
0.52776009 2.22392797 0.62261558
0.55989289 2.43058276 0.38387001
0.20978224 2.23086429 0.58949667
0.48212311 2.46922827 0.31942046
0.55874890 2.22859383 0.60332239
0.50764287 2.43605638 0.37089837
0.20861645 2.48702049 0.30262879
0.29649377 2.42297745 0.37737361
0.46120146 2.31521726 0.48924699
0.58095473 2.31722403 0.50503612
0.36897567 2.27255440 0.54205900
0.48897806 2.47027874 0.31760615
0.52574444 2.31193089 0.51387644
0.56710255 2.30279541 0.52180636
0.45894313 2.26797247 0.57147920
0.44921556 2.35455704 0.45939913
0.51892513 2.44574523 0.34507635
0.49855837 2.44595098 0.34645122
0.31282204 2.42903614 0.36370927
0.54223788 2.40200543 0.41058350
0.38701653 2.34304738 0.45793805
0.49570280 2.23594260 0.60844606
0.54627359 2.23249054 0.59038204
0.27136409 2.43223262 0.37405246
0.25375700 2.45575571 0.32917118
0.23699854 2.27553511 0.53798896
0.47539759 2.24469304 0.57696199
0.51089907 2.32005215 0.51052839
0.40895185 2.26487112 0.56676614
0.44142938 2.47978187 0.31185988
0.43450463 2.31838107 0.48442930
0.40993011 2.24935579 0.57538557
0.43437552 2.42885661 0.38022479
0.26474553 2.28536749 0.53850806
0.49876651 2.30963755 0.50946295
0.55837029 2.23139691 0.59129304
0.39277759 2.25076652 0.57512051
0.18923189 2.27725673 0.55261528
0.44546884 2.25971532 0.56557214
0.52256548 2.45370936 0.33513826
0.30975735 2.24585652 0.57819903
0.52322978 2.40211535 0.41765204
0.51006782 2.41731262 0.39962023
0.45951885 2.50343037 0.28104889
0.49683714 2.26080585 0.57111686
0.47062850 2.42998791 0.36930609
0.49818143 2.43299937 0.36621648
0.27426913 2.43318987 0.38006473
0.48887390 2.24493027 0.60112405
0.43962803 2.45183325 0.34249243
0.53983802 2.32441306 0.49541941
0.49275547 2.43622327 0.38164812
0.41950813 2.33341265 0.47898081
0.43718770 2.34806514 0.46898490
0.53620791 2.39347053 0.43066016
0.42259485 2.43897438 0.37284398
0.54454207 2.21215415 0.61885858
0.18828325 2.27652240 0.54216945
0.41878742 2.34935737 0.46999845
0.22124119 2.18521786 0.63360274
0.42626169 2.32567501 0.47641999
0.26726776 2.43911338 0.36904016
0.26474318 2.45086145 0.35417491
0.47265434 2.24786329 0.56661195
0.44684803 2.45249081 0.35069540
0.41263691 2.45487905 0.34875610
0.42072386 2.27206659 0.55202287
0.53734797 2.22496367 0.60261774
0.35983756 2.27151036 0.55331421
0.57683051 2.40905356 0.39547768
0.53663731 2.40860558 0.41414136
0.15934248 2.24411726 0.59324753
0.41055903 2.25549841 0.56332403
0.44036761 2.24929166 0.58783817
0.42082039 2.37878752 0.44208834
0.40158889 2.27461362 0.54103172
0.51113027 2.31811237 0.49857271
0.42657408 2.45552254 0.35261536
0.39731789 2.35115409 0.45225003
0.28417158 2.42332673 0.38171607
0.56706262 2.38155723 0.44603014
0.48103678 2.23337317 0.58942848
0.29732347 2.27166748 0.56088477
0.57070369 2.33300567 0.49733773
0.28658563 2.26375437 0.55162418
0.49984831 2.22799873 0.60280794
0.21210735 2.24315238 0.59758633
0.16954692 2.28035665 0.54877996
0.22914940 2.28985310 0.52929145
0.41815889 2.34595037 0.47672558
0.56344849 2.21179152 0.62011570
0.59592700 2.38982606 0.43657109
0.37611908 2.27526927 0.54410529
0.50814080 2.23780704 0.59396881
0.58417130 2.23170090 0.59540236
0.55841476 2.23023582 0.61278993
0.39446917 2.35127687 0.45771217
0.33337817 2.43152690 0.38825059
0.49546948 2.41588449 0.40356857
0.30796355 2.27738452 0.56000847
0.41966894 2.44406700 0.36862177
0.57558078 2.32678699 0.50147742
0.42282993 2.24198055 0.58629638
0.22849330 2.21500635 0.62897766
0.53476715 2.44633985 0.34355983
0.37486991 2.35338092 0.44729972
0.59545708 2.30347991 0.52632880
0.22071716 2.28006315 0.55589074
0.38635862 2.26863217 0.57288694
0.40797964 2.24865842 0.58512992
0.20336945 2.23296142 0.58712721
0.44878289 2.25325322 0.56372386
0.52391487 2.49062324 0.29977161
0.51116806 2.43134785 0.38366634
0.45769837 2.44803810 0.35549673
0.50450915 2.25638866 0.57932603
0.32110819 2.39711142 0.40602052
0.40069661 2.37586260 0.43056205
0.44008204 2.26887488 0.54971159
0.48594964 2.24974394 0.56506729
0.57122326 2.22160363 0.62249631
0.45516133 2.41627169 0.39873400
0.41322985 2.45198178 0.35871354
0.24776357 2.24512529 0.60847843
0.28779972 2.25554347 0.56377906
0.39353493 2.37203121 0.43085653
0.50245667 2.45721269 0.34945416
0.29444730 2.26641774 0.57232738
0.42753923 2.28210855 0.54662871
0.44227374 2.42992473 0.37131771
0.40503287 2.26826406 0.57239521
0.21729262 2.22849154 0.60981137
0.24606298 2.28100991 0.53495014
0.17986262 2.23185968 0.58810550
0.53778255 2.45319796 0.35236430
0.53871387 2.41477323 0.39525133
0.50672233 2.40141582 0.42146593
0.41429541 2.27276516 0.55400920
0.20243655 2.27855730 0.53309953
0.28037083 2.43950105 0.36932555
0.37578195 2.27661610 0.53381336
0.43228906 2.27339458 0.54400963
0.19972193 2.25635648 0.57793015
0.22282286 2.24024057 0.58247495
0.41991144 2.45125079 0.36042905
0.55335689 2.33458567 0.48827359
0.16387129 2.26168561 0.56780487
0.45602548 2.24326849 0.57534504
0.30566818 2.43920946 0.36643487
0.40404975 2.35047412 0.45194390
0.25228977 2.44788122 0.36104828
0.20944899 2.19164658 0.63306952
0.49982485 2.24260020 0.59840512
0.45220256 2.45800304 0.33610836
0.36807787 2.26849055 0.54839051
0.43425271 2.46524215 0.32920828
0.50129133 2.40726757 0.41568220
0.58534127 2.23469806 0.60488969
0.53972983 2.44809484 0.33500618
0.28277835 2.27974319 0.54839325
0.30972773 2.43185496 0.37330556
0.37671065 2.38400507 0.43070719
0.57500988 2.39242363 0.43312305
0.24411085 2.27165079 0.56248140
0.44186711 2.34564018 0.45761210
0.45129913 2.48764515 0.30356064
0.48497409 2.25991654 0.56937623
0.30240294 2.45915365 0.34741470
0.51921266 2.39163828 0.43090722
0.50521612 2.41402364 0.40221521
0.23286293 2.27177763 0.53968579
0.55417347 2.21640944 0.62938529
0.42719877 2.50431204 0.27326530
0.43271294 2.45588374 0.34696889
0.40367267 2.38216257 0.43812087
0.22876424 2.22029901 0.62254852
0.40282464 2.34464025 0.46119559
0.56683546 2.34637189 0.48732159
0.35002446 2.42801666 0.37480250
0.28670374 2.45905137 0.34561500
0.20801495 2.23480034 0.60238433
0.27745724 2.45406389 0.34806755
0.55431008 2.43041754 0.38659242
0.47344342 2.35714579 0.46119583
0.37338552 2.37399793 0.43274999
0.49883437 2.49355459 0.29173622
0.41910145 2.35633111 0.45961133
0.48864052 2.42730856 0.37912151
0.46321627 2.26477909 0.55361986
0.38967016 2.28343439 0.53687727
0.41227767 2.32997632 0.46679017
0.26630116 2.46383834 0.34063935
0.51620567 2.39642191 0.42791200
0.20988694 2.23976111 0.58388120
0.46827012 2.25557446 0.55928123
0.40675604 2.27344894 0.55917954
0.58758545 2.39043403 0.42863548
0.42686069 2.27202415 0.54788607
0.55176818 2.22126341 0.62649000
0.30048835 2.45943284 0.35267150
0.46201017 2.42806911 0.37563124
0.40268859 2.33539343 0.46384710
0.55921584 2.31798434 0.51208675
0.49629319 2.41235805 0.40831149
0.32397878 2.42772150 0.38330474
0.52911139 2.32167983 0.50119507
0.23901816 2.19662380 0.63032705
0.29020339 2.40738750 0.40200362
0.47718671 2.48203635 0.30005196
0.50464809 2.43077970 0.37896299
0.26427391 2.25273108 0.58157665
0.30928475 2.39458942 0.40454730
0.44891208 2.33754754 0.48895359
0.16996540 2.24441648 0.59716213
0.47544578 2.42985868 0.38490710
0.41768366 2.34692979 0.45159057
0.55715638 2.33850098 0.48642835
0.50590003 2.31771159 0.50926977
0.54096329 2.31942511 0.52102613
0.48453709 2.24604774 0.57054472
0.51582521 2.24006438 0.59236413
0.22684196 2.27127147 0.54472339
0.44502789 2.42361617 0.39603490
0.44495380 2.49771738 0.28513300
0.47476733 2.41121340 0.39835051
0.38364065 2.36747551 0.43144444
0.37822792 2.29664636 0.52846205
0.27178943 2.42076921 0.37726480
0.46509513 2.25774956 0.57862741
0.18265572 2.27474570 0.54796237
0.49898347 2.47617960 0.31736490
0.51315784 2.23547316 0.62255907
0.26566070 2.42831135 0.37982956
0.47640070 2.42671537 0.39808336
0.30469349 2.42059755 0.39325225
0.54254329 2.33599639 0.48615217
0.43887195 2.45908809 0.33702606
0.54891306 2.44596148 0.34234005
0.45993885 2.26834083 0.56611741
0.39872742 2.27037215 0.57061565
0.32832780 2.44772243 0.34999812
0.34362727 2.42698669 0.37552500
0.48275429 2.41120005 0.41250616
0.51409513 2.32844019 0.48466542
0.18749504 2.26237202 0.57209301
0.42673653 2.48053575 0.30279121
0.36234495 2.38286114 0.43195322
0.39694798 2.37650418 0.43720400
0.52753127 2.24008107 0.58260137
0.16257124 2.25274658 0.57492131
0.38547245 2.25922561 0.56080711
0.43620807 2.24260664 0.58132553
0.22421390 2.20374584 0.63836992
0.55069089 2.32501197 0.50306016
0.58885789 2.40087461 0.41409141
0.30288514 2.26962233 0.56730044
0.21706942 2.47871780 0.31676108
0.40792298 2.27231717 0.54629934
0.53245467 2.42722058 0.37658471
0.57286829 2.38400507 0.44195700
0.43317652 2.26925087 0.56764770
0.43777648 2.35097909 0.45025399
0.27242455 2.45894027 0.35173982
0.34130001 2.45363927 0.35507768
0.42416546 2.25547314 0.58456111
0.32231760 2.40771914 0.39587373
0.35083014 2.43053460 0.36853719
0.38099846 2.37571430 0.43057412
0.24088617 2.28230476 0.54795921
0.55800223 2.29375029 0.52741307
0.51065660 2.30631018 0.51104087
0.36668923 2.26771164 0.57038361
0.48907068 2.42709255 0.36979350
0.16152227 2.24217391 0.58500278
0.36693943 2.34220958 0.45644566
0.42628404 2.37552118 0.43621331
0.44960180 2.24615884 0.57297873
0.45291877 2.43190765 0.37747180
0.48898655 2.40677428 0.41344908
0.25668132 2.26989985 0.54893762
0.31069884 2.40491152 0.39251974
0.52451044 2.21989632 0.62386590
0.23257229 2.46468854 0.34122294
0.54347354 2.44775558 0.35128117
0.22895813 2.22444820 0.61657602
0.39425802 2.38201451 0.43909067
0.32786614 2.43536758 0.36924270
0.40813446 2.37501574 0.43712586
0.53590596 2.22484303 0.61825174
0.52089375 2.23805237 0.59627682
0.46583575 2.34631324 0.46752837
0.29696590 2.27455950 0.55503154
0.41863540 2.32362151 0.47564685
0.18005840 2.26790929 0.56761634
0.45108873 2.42413950 0.39434218
0.41822490 2.45613360 0.35156775
0.58626854 2.38219810 0.44572216
0.20019597 2.27680969 0.54019463
0.43849319 2.35975266 0.44586310
0.42894480 2.35073090 0.47232905
0.45381746 2.24600434 0.57946599
0.38426182 2.28437996 0.54191077
0.39609587 2.27952576 0.54043776
0.48141032 2.24113822 0.60406137
0.49397492 2.49887443 0.28960681
0.45433512 2.50230336 0.28752285
0.58089864 2.42086911 0.38949627
0.43813556 2.26710176 0.56603408
0.50839680 2.41409779 0.39430803
0.54853189 2.21581221 0.61995965
0.53476149 2.44270968 0.34917718
0.24064302 2.19176984 0.63142627
0.41061717 2.34086609 0.47337148
0.43056697 2.43566418 0.36543930
0.54124933 2.24615741 0.58154011
0.29715970 2.43264174 0.36707658
0.32326370 2.45163774 0.35137111
0.47492847 2.23862600 0.60617900
0.24008723 2.48046923 0.31240106
0.51147044 2.43298006 0.36628801
0.25028533 2.27145815 0.54462731
0.49679580 2.43233323 0.37930706
0.44170174 2.33876896 0.46961299
0.38471037 2.34035540 0.46988881
0.39365739 2.34480023 0.46595293
0.36727864 2.34010601 0.46280602
0.25551188 2.43781352 0.36220002
0.29053986 2.43061781 0.37872621
0.49063712 2.41415262 0.40064111
0.40645915 2.35075498 0.47864300
0.36601782 2.37167001 0.43328395
0.27629942 2.28416133 0.54223955
0.50263292 2.41418171 0.39290255
0.42535257 2.43460965 0.38409424
0.43503976 2.44578481 0.38289544
0.49123675 2.25711489 0.57049030
0.59845716 2.32061005 0.51509589
0.49909267 2.41444707 0.39912829
0.51942062 2.23182678 0.61197400
0.41867936 2.25286961 0.57826495
0.45671812 2.32849360 0.49578741
0.41984248 2.47093225 0.31876928
0.25874436 2.25365686 0.57564044
0.39697430 2.34680319 0.46006966
0.41872320 2.43608642 0.37115785
0.44390315 2.33338308 0.49110180
0.37198660 2.33467889 0.46480364
0.21201940 2.24986720 0.57677346
0.44590163 2.43151093 0.38479033
0.20006479 2.26412606 0.56645244
0.57489491 2.32249951 0.49879843
0.46973142 2.42119122 0.40339068
0.56492710 2.30178595 0.51730716
0.33251578 2.42994738 0.37608084
0.44218498 2.51204133 0.27300847
0.47092068 2.31348300 0.49678308
0.34618112 2.43473148 0.37226659
0.34482014 2.43330622 0.38590413
0.27019340 2.42925763 0.39866188
0.37046403 2.28719950 0.52832687
0.55113322 2.41256690 0.40150800
0.22238453 2.21188927 0.61932743
0.53951842 2.22644353 0.61093569
0.48199204 2.40987468 0.40060750
0.59551191 2.23593283 0.61111259
0.48989618 2.31292820 0.50357687
0.36299092 2.26384854 0.55902654
0.48119077 2.25142789 0.56557190
0.24129452 2.22796035 0.59211814
0.53173661 2.31720662 0.50048298
0.41397500 2.25849128 0.57190466
0.23729385 2.46659184 0.34211570
0.49846119 2.43360329 0.38706130
0.40736613 2.27664661 0.55500215
0.30376580 2.40951753 0.39374998
0.52111876 2.24017978 0.58229828
0.47631827 2.32518721 0.48185131
0.58481234 2.38536549 0.44012958
0.50152701 2.35656524 0.46747896
0.37991938 2.38250971 0.43469384
0.45657238 2.42908978 0.38267484
0.21230504 2.26842523 0.56988519
0.46538600 2.33875847 0.47201478
0.58454669 2.32632661 0.50291502
0.42921531 2.34211493 0.45347288
0.51903474 2.43591309 0.36740121
0.21464476 2.27739334 0.53245074
0.54085553 2.44868755 0.34012461
0.28252110 2.45704174 0.34956884
0.52681053 2.39215684 0.42555740
0.32980949 2.42682457 0.39439940
0.58085108 2.38361645 0.44540170
0.50059736 2.40807581 0.41056147
0.22768620 2.22724962 0.61262238
0.51749897 2.31755066 0.50069827
0.51915991 2.31230402 0.51249564
0.51052201 2.40465593 0.41983858
0.35193002 2.44016719 0.36415613
0.29606467 2.40639734 0.39881876
0.22177207 2.19729114 0.63352126
0.32665530 2.43424416 0.36375114
0.44440058 2.27751374 0.55196625
0.40249196 2.33578753 0.46960700
0.55410814 2.43663216 0.36722153
0.48821867 2.40976214 0.40142545
0.55405360 2.21510005 0.62044764
0.44854164 2.24271536 0.58938557
0.47253788 2.25578594 0.56371778
0.47949871 2.42417312 0.41020161
0.41393986 2.27959776 0.53744680
0.36886507 2.25760055 0.56706893
0.51981670 2.44993401 0.35450292
0.42382461 2.43390656 0.37012354
0.45126155 2.36217475 0.44376183
0.41505376 2.37953997 0.43415666
0.43214902 2.45851016 0.34283635
0.34651506 2.43694019 0.36753753
0.23472142 2.48236632 0.31135297
0.44337064 2.24586725 0.57310450
0.53017300 2.41170740 0.39476374
0.51953858 2.43596721 0.38261488
0.41284230 2.37539935 0.44234979
0.40877807 2.33732080 0.46529722
0.47675514 2.42959857 0.37617287
0.29153657 2.25652528 0.56935322
0.42154521 2.45651770 0.34765938
0.52380520 2.22710943 0.60445267
0.18179469 2.25014114 0.60002458
0.27537414 2.25194120 0.57955378
0.56193101 2.20861912 0.62986016
0.25533721 2.43747902 0.36710310
0.48414475 2.43208814 0.36408332
0.20912898 2.48409939 0.30803803
0.46360558 2.26710677 0.55789816
0.59601814 2.39305258 0.42800233
0.42751166 2.26416278 0.57568747
0.43964601 2.31895947 0.48170081
0.20878895 2.47799253 0.30985117
0.35605866 2.43294096 0.36811182
0.52233034 2.31869555 0.51821160
0.45657951 2.51490521 0.27491418
0.33679831 2.45189834 0.35322714
0.49954629 2.40147114 0.41131803
0.47712031 2.32826161 0.48553991
0.41628224 2.49475908 0.28461540
0.25015587 2.45901394 0.33000129
0.49890825 2.48974395 0.28841496
0.43835464 2.35151672 0.47219023
0.49675280 2.42797828 0.36558348
0.43436986 2.48598981 0.30595902
0.57092464 2.21876287 0.61858124
0.48140502 2.32700276 0.48214510
0.30767381 2.40224242 0.40391374
0.25686467 2.43280077 0.37325284
0.21173322 2.23112202 0.60436219
0.44780818 2.36050081 0.46275929
0.50021982 2.23441076 0.60912979
0.49053195 2.31847286 0.49672052
0.43438542 2.33249021 0.46635464
0.57177407 2.42406893 0.38974619
0.49621314 2.43094158 0.37009263
0.52599156 2.45166945 0.34596398
0.16903156 2.26268673 0.56274420
0.46020141 2.41775894 0.39513737
0.49289626 2.31921768 0.50145829
0.44979575 2.43136311 0.36612731
0.46777964 2.26000929 0.55755895
0.21517317 2.23496413 0.60200322
0.29775348 2.25205231 0.57285553
0.56365740 2.33795786 0.48668474
0.50788230 2.23171782 0.61284018
0.48885503 2.32250690 0.48518384
0.28039953 2.26905847 0.54774117
0.39079604 2.27855206 0.54593992
0.51709622 2.47347331 0.31745100
0.45850778 2.34468055 0.46735716
0.27555072 2.26843524 0.54968959
0.53972030 2.23364568 0.60764515
0.45524278 2.31826210 0.48315814
0.54560530 2.23238897 0.61138821
0.19394752 2.27394581 0.55882752
0.18581767 2.26486993 0.56567812
0.39740163 2.36618900 0.43324593
0.41719824 2.48048210 0.30892390
0.18498977 2.48897767 0.28338128
0.41545653 2.27219534 0.54817468
0.51064861 2.48300028 0.29780489
0.55098754 2.32932329 0.49890167
0.43291277 2.25091910 0.59426868
0.45746353 2.43090487 0.37825012
0.50020623 2.48500252 0.30280983
0.26332393 2.43056512 0.38325280
0.41121820 2.35309482 0.46635720
0.41822600 2.48234797 0.30309099
0.20070499 2.49441385 0.28840962
0.19176051 2.25022030 0.60442609
0.56662750 2.29475880 0.51877832
0.42603049 2.45569777 0.34495759
0.43296462 2.45967054 0.33787012
0.43637681 2.35433054 0.46585989
0.39934295 2.34520245 0.47191247
0.47120017 2.26531124 0.56784725
0.45633417 2.24832487 0.60656911
0.43631274 2.26597595 0.57377911
0.52878493 2.24642944 0.58053619
0.19639647 2.48641825 0.29466265
0.51766390 2.42337632 0.37951434
0.46389678 2.42949748 0.38490015
0.43074626 2.25615048 0.58449328
0.42644215 2.46036220 0.33569929
0.46702963 2.34184599 0.46404997
0.52352995 2.30227613 0.51033986
0.54145360 2.31916380 0.50174272
0.51320636 2.31616592 0.51169896
0.37318915 2.25933909 0.55897486
0.48614120 2.41415787 0.40974259
0.29134363 2.39776731 0.41470522
0.51444906 2.41048598 0.41218081
0.48473331 2.44602847 0.34642732
0.40972117 2.36554456 0.44040748
0.44295344 2.35689092 0.44799799
0.19387026 2.26318145 0.56917542
0.37882617 2.26910567 0.57527727
0.57125157 2.41447186 0.39647228
0.24649775 2.45206738 0.35721147
0.21679296 2.18692279 0.63517940
0.51852500 2.43344784 0.37130153
0.23089597 2.46907139 0.33774847
0.44278640 2.42365146 0.39029786
0.52084607 2.31491184 0.51600277
0.59089935 2.38757610 0.44615501
0.28042540 2.40965223 0.41124544
0.44540745 2.24793434 0.60032642
0.31219092 2.43154883 0.38199237
0.57137215 2.20880532 0.63323432
0.28691691 2.43498230 0.37856165
0.44892368 2.36142993 0.45660526
0.41462550 2.46102095 0.34134024
0.41027015 2.26395535 0.57612765
0.46321917 2.24737930 0.60939205
0.44270661 2.43147945 0.38976377
0.50565326 2.25295949 0.57648194
0.24559632 2.21944284 0.61822045
0.52088243 2.32258821 0.49352205
0.49012348 2.41403413 0.41202214
0.42006034 2.43192482 0.37833154
0.55157304 2.29904270 0.52527839
0.24731006 2.26840401 0.57062805
0.45046949 2.33604002 0.46923849
0.40144384 2.33102489 0.46429288
0.50132626 2.41526842 0.40424946
0.46506867 2.48422599 0.30286837
0.43897533 2.24378204 0.59066653
0.37455174 2.37567544 0.42610931
0.50776637 2.45511580 0.35329908
0.19966583 2.27128434 0.56031311
0.47828680 2.30719042 0.49666253
0.30849653 2.26305747 0.57057738
0.29694384 2.43555808 0.37625235
0.51364267 2.41771269 0.39418185
0.28222513 2.41278076 0.39904577
0.30831468 2.42740798 0.37250775
0.38367313 2.34858418 0.45341766
0.33026248 2.42874050 0.38112620
0.51287073 2.32208610 0.49988955
0.31453729 2.26046371 0.57215953
0.17149380 2.27627707 0.54899222
0.36857101 2.38718510 0.43170077
0.19981340 2.48974538 0.29660061
0.51584905 2.21990132 0.61875987
0.59893209 2.38836026 0.45167631
0.43491006 2.34626460 0.45249194
0.58123422 2.32935786 0.49562770
0.30234072 2.26159453 0.57433939
0.52741170 2.46553683 0.31892666
0.42748675 2.37388420 0.44023526
0.45521340 2.35970497 0.45939848
0.43095559 2.24845576 0.58875692
0.51803499 2.46591520 0.31949502
0.43798694 2.43732047 0.38716573
0.56109524 2.21526361 0.61804831
0.29152060 2.40017772 0.40739235
0.41145998 2.27525425 0.55642337
0.54889065 2.40672588 0.41486344
0.46642679 2.33037949 0.49494460
0.51378036 2.40204453 0.41091710
0.47480923 2.44744062 0.34912813
0.42445651 2.34834933 0.47184446
0.58136284 2.29575324 0.53171968
0.51359570 2.48243642 0.30565464
0.27230209 2.43324399 0.36981505
0.54623431 2.31188965 0.51934838
0.51381636 2.25368309 0.57269865
0.37192166 2.34918261 0.45500401
0.29256973 2.45118475 0.34735128
0.21320957 2.27343249 0.54208207
0.57154888 2.22556281 0.60709840
0.45817330 2.42899895 0.39189947
0.46034691 2.24702120 0.57432336
0.19442943 2.28635120 0.54137844
0.57755667 2.29845858 0.52885175
0.42799935 2.43548918 0.37612209
0.51948625 2.39784837 0.41851604
0.33351818 2.42322659 0.39767075
0.23429021 2.26278996 0.56963885
0.59467119 2.23492455 0.60656786
0.52301788 2.43426704 0.36872157
0.56425828 2.29623413 0.52892339
0.27499169 2.45534635 0.35170180
0.41682631 2.44124389 0.37448090
0.51142728 2.41298938 0.39731985
0.57192981 2.42468643 0.38290912
0.37109852 2.26430368 0.57351780
0.40736929 2.35438967 0.47529632
0.47384503 2.43256354 0.36673659
0.46057320 2.34858656 0.45900127
0.55643731 2.44531488 0.35229295
0.57851613 2.41311812 0.39563864
0.41202649 2.25988531 0.56500351
0.42316550 2.37771893 0.43840832
0.57107925 2.33590341 0.49129847
0.49188301 2.48662710 0.30049360
0.56889451 2.40239191 0.41142082
0.54792351 2.42085171 0.39689252
0.38618392 2.38505125 0.43333590
0.39795649 2.35104418 0.46206981
0.47894147 2.50942469 0.27393678
0.46312571 2.25388551 0.55905372
0.45647994 2.24036074 0.57858193
0.43575370 2.43681335 0.39112464
0.33267570 2.45249724 0.35072258
0.47681242 2.43112183 0.39046788
0.52686918 2.34526825 0.47961214
0.17408890 2.23230934 0.58790064
0.49116251 2.42718315 0.36596918
0.52799541 2.33452010 0.48721373
0.25829381 2.43358111 0.36809406
0.36997029 2.28282762 0.54359293
0.27808946 2.27718282 0.55875158
0.25296420 2.25583696 0.57392132
0.59523070 2.41681767 0.39333433
0.42022988 2.33392692 0.46722117
0.40034997 2.36406922 0.43582216
0.54411161 2.39544034 0.43099219
0.42086259 2.46026897 0.34212381
0.57025790 2.34041071 0.49145916
0.22991122 2.26025176 0.56281841
0.54294211 2.30227900 0.51555502
0.41928387 2.26784372 0.57331240
0.38247162 2.28034043 0.54639190
0.29130751 2.43184876 0.38278118
0.27920046 2.43242168 0.37937802
0.41581273 2.46099257 0.33597210
0.23528077 2.26040006 0.56268799
0.27170750 2.42799330 0.37968278
0.52906054 2.41618037 0.40279809
0.41387227 2.27752638 0.54120296
0.45068070 2.26717997 0.57235295
0.43347186 2.32973647 0.47815499
0.46099594 2.33617854 0.49319175
0.44761193 2.27445602 0.55698383
0.51332313 2.24692535 0.57626724
0.49017021 2.43121648 0.36956561
0.47014141 2.31984949 0.48353967
0.20335744 2.23924780 0.59959072
0.29052120 2.27596903 0.55241627
0.38183662 2.35736275 0.44636378
0.51867330 2.33809161 0.48223892
0.21538278 2.47491097 0.31756651
0.54531431 2.39096785 0.43608302
0.59709883 2.22772264 0.62638968
0.29839680 2.41655135 0.39196238
0.42823163 2.33557343 0.46679303
0.28433335 2.41326737 0.40371427
0.38262427 2.33558273 0.46219775
0.17691380 2.26430726 0.56671500
0.33295897 2.42997241 0.39336318
0.51443160 2.31960511 0.51586878
0.59354734 2.40132594 0.41167760
0.52492303 2.44945145 0.34992856
0.22913939 2.27651906 0.55358088
0.52755892 2.45015144 0.33865786
0.30121794 2.39507270 0.41373900
0.49293149 2.40389061 0.41155741
0.38786316 2.29394341 0.52883297
0.42179045 2.45975399 0.33718899
0.49135989 2.43453026 0.38806570
0.46034694 2.35944963 0.45225427
0.53544402 2.41492844 0.39883310
0.30601478 2.27241349 0.56535369
0.58507127 2.40899706 0.39702642
0.21880965 2.47533298 0.32145655
0.21070865 2.28413773 0.53749084
0.16627246 2.26433086 0.56561804
0.27230319 2.27446628 0.56588697
0.29262689 2.25280905 0.57093656
0.46753538 2.43237734 0.36781654
0.37474427 2.25987458 0.56680208
0.47205228 2.47378278 0.32207566
0.51882505 2.23199177 0.60375619
